dorsal,mu_p,mu_b,total,name
1000,3446,2383,5829,BEMB
1001,4378,1677,6055,MEBB
1002,3353,2186,5539,BEMB
1003,3299,2262,5561,BEMB
1004,3291,2208,5499,BEMB
1005,3475,2353,5828,BEMB
1006,3323,1481,4804,BEBB
1007,4385,2320,6705,MEMB
1008,4410,2364,6774,MEMB
1009,4304,1462,5766,MEBB
1010,3288,2191,5479,BEMB
1011,3390,1466,4856,BEBB
1012,4304,2285,6589,MEMB
1013,4505,1476,5981,MEBB
1014,3261,2292,5553,BEMB
1015,4430,2275,6705,MEMB
1016,3420,1643,5063,BEBB
1017,4374,1580,5954,MEBB
1018,3374,2210,5584,BEMB
1019,4430,2210,6640,MEMB
1020,4354,2315,6669,MEMB
1021,4318,2266,6584,MEMB
1022,3328,1509,4837,BEBB
1023,4475,2388,6863,MEMB
1024,3394,1536,4930,BEBB
1025,3446,1674,5120,BEBB
1026,3464,1483,4947,BEBB
1027,4405,1634,6039,MEBB
1028,4272,1644,5916,MEBB
1029,3290,2355,5645,BEMB
1030,3338,2376,5714,BEMB
1031,4442,2287,6729,MEMB
1032,3267,2161,5428,BEMB
1033,4349,2230,6579,MEMB
1034,4348,1463,5811,MEBB
1035,3416,1598,5014,BEBB
1036,3340,1518,4858,BEBB
1037,3429,2296,5725,BEMB
1038,3314,2317,5631,BEMB
1039,4492,2370,6862,MEMB
1040,3366,1539,4905,BEBB
1041,4333,1524,5857,MEBB
1042,3301,1469,4770,BEBB
1043,3289,1457,4746,BEBB
1044,3249,2168,5417,BEMB
1045,4368,1601,5969,MEBB
1046,4368,2285,6653,MEMB
1047,4391,1590,5981,MEBB
1048,3316,2353,5669,BEMB
1049,3242,1445,4687,BEBB
1050,4492,1621,6113,MEBB
1051,3460,2301,5761,BEMB
1052,3354,2177,5531,BEMB
1053,4308,2307,6615,MEMB
1054,4505,1625,6130,MEBB
1055,3377,1604,4981,BEBB
1056,3426,2236,5662,BEMB
1057,4498,2202,6700,MEMB
1058,3364,2309,5673,BEMB
1059,3275,2231,5506,BEMB
1060,4382,1537,5919,MEBB
1061,3329,2290,5619,BEMB
1062,4484,1648,6132,MEBB
1063,3443,2190,5633,BEMB
1064,4296,2314,6610,MEMB
1065,3392,1598,4990,BEBB
1066,3434,1679,5113,BEBB
1067,4484,2362,6846,MEMB
1068,4325,1448,5773,MEBB
1069,4271,2165,6436,MEMB
1070,3391,2348,5739,BEMB
1071,4470,2223,6693,MEMB
1072,4500,2201,6701,MEMB
1073,3478,1511,4989,BEBB
1074,4428,2219,6647,MEMB
1075,4498,2204,6702,MEMB
1076,4470,2203,6673,MEMB
1077,3455,1657,5112,BEBB
1078,3272,2301,5573,BEMB
1079,4450,2308,6758,MEMB
1080,4292,2182,6474,MEMB
1081,3365,1646,5011,BEBB
1082,4361,1576,5937,MEBB
1083,3367,2208,5575,BEMB
1084,3273,2393,5666,BEMB
1085,3308,1510,4818,BEBB
1086,3249,1461,4710,BEBB
1087,4385,2165,6550,MEMB
1088,3369,1640,5009,BEBB
1089,4477,1629,6106,MEBB
1090,4494,2301,6795,MEMB
1091,4482,1618,6100,MEBB
1092,4371,2180,6551,MEMB
1093,3302,1583,4885,BEBB
1094,4397,1463,5860,MEBB
1095,4478,1463,5941,MEBB
1096,3316,1469,4785,BEBB
1097,4293,1492,5785,MEBB
1098,3407,1676,5083,BEBB
1099,3361,2339,5700,BEMB
1100,3408,1661,5069,BEBB
1101,3326,2363,5689,BEMB
1102,4342,2294,6636,MEMB
1103,4374,2230,6604,MEMB
1104,4331,1536,5867,MEBB
1105,4383,2373,6756,MEMB
1106,4278,2219,6497,MEMB
1107,4377,2339,6716,MEMB
1108,4494,1662,6156,MEBB
1109,4347,1658,6005,MEBB
1110,4377,1511,5888,MEBB
1111,3316,2298,5614,BEMB
1112,4497,2164,6661,MEMB
1113,3349,1617,4966,BEBB
1114,3327,1651,4978,BEBB
1115,4409,1539,5948,MEBB
1116,4406,1457,5863,MEBB
1117,4371,2276,6647,MEMB
1118,3348,1588,4936,BEBB
1119,3405,2314,5719,BEMB
1120,4468,2208,6676,MEMB
1121,4434,2312,6746,MEMB
1122,4399,1676,6075,MEBB
1123,4298,1466,5764,MEBB
1124,3424,2234,5658,BEMB
1125,4501,1634,6135,MEBB
1126,3336,2353,5689,BEMB
1127,3248,2247,5495,BEMB
1128,4345,2324,6669,MEMB
1129,4450,2346,6796,MEMB
1130,3266,1473,4739,BEBB
1131,3461,2314,5775,BEMB
1132,4369,2371,6740,MEMB
1133,4405,1499,5904,MEBB
1134,3443,1575,5018,BEBB
1135,4501,1541,6042,MEBB
1136,3465,1626,5091,BEBB
1137,3402,1520,4922,BEBB
1138,4348,1508,5856,MEBB
1139,3432,2257,5689,BEMB
1140,4491,1568,6059,MEBB
1141,4490,1598,6088,MEBB
1142,3248,1600,4848,BEBB
1143,4320,1629,5949,MEBB
1144,4303,1665,5968,MEBB
1145,3394,1597,4991,BEBB
1146,3310,1534,4844,BEBB
1147,3452,1557,5009,BEBB
1148,4396,2228,6624,MEMB
1149,4315,2193,6508,MEMB
1150,4387,1591,5978,MEBB
1151,3344,1608,4952,BEBB
1152,3279,1503,4782,BEBB
1153,4284,2226,6510,MEMB
1154,4464,1530,5994,MEBB
1155,4399,1673,6072,MEBB
1156,4394,1661,6055,MEBB
1157,4361,1463,5824,MEBB
1158,4480,1611,6091,MEBB
1159,3243,1559,4802,BEBB
1160,3273,1522,4795,BEBB
1161,4298,2365,6663,MEMB
1162,4380,1630,6010,MEBB
1163,4398,1512,5910,MEBB
1164,4447,1510,5957,MEBB
1165,4300,1631,5931,MEBB
1166,3401,2325,5726,BEMB
1167,4399,1546,5945,MEBB
1168,4406,2392,6798,MEMB
1169,4341,1578,5919,MEBB
1170,3365,2234,5599,BEMB
1171,3334,1455,4789,BEBB
1172,4335,2294,6629,MEMB
1173,3402,1633,5035,BEBB
1174,4341,2277,6618,MEMB
1175,4507,1595,6102,MEBB
1176,4272,1593,5865,MEBB
1177,3352,1646,4998,BEBB
1178,3399,1674,5073,BEBB
1179,3258,2209,5467,BEMB
1180,4359,2239,6598,MEMB
1181,3258,1583,4841,BEBB
1182,4379,1638,6017,MEBB
1183,3359,1599,4958,BEBB
1184,4348,1548,5896,MEBB
1185,4284,1481,5765,MEBB
1186,4420,2395,6815,MEMB
1187,4459,1572,6031,MEBB
1188,4328,1655,5983,MEBB
1189,4298,2382,6680,MEMB
1190,3374,1628,5002,BEBB
1191,3245,2276,5521,BEMB
1192,3319,2317,5636,BEMB
1193,3352,1491,4843,BEBB
1194,4296,2295,6591,MEMB
1195,4500,2226,6726,MEMB
1196,3263,2328,5591,BEMB
1197,3342,2317,5659,BEMB
1198,4457,2362,6819,MEMB
1199,3344,2241,5585,BEMB
1200,3366,1465,4831,BEBB
1201,4491,2173,6664,MEMB
1202,4342,2189,6531,MEMB
1203,4408,2319,6727,MEMB
1204,3400,2236,5636,BEMB
1205,3479,2357,5836,BEMB
1206,3441,1637,5078,BEBB
1207,3244,2333,5577,BEMB
1208,4308,2223,6531,MEMB
1209,4470,1621,6091,MEBB
1210,3240,1664,4904,BEBB
1211,4372,1542,5914,MEBB
1212,4462,2166,6628,MEMB
1213,4289,2256,6545,MEMB
1214,3460,1526,4986,BEBB
1215,3470,1637,5107,BEBB
1216,3351,1481,4832,BEBB
1217,3379,1520,4899,BEBB
1218,3246,1584,4830,BEBB
1219,4421,1473,5894,MEBB
1220,4392,1541,5933,MEBB
1221,4396,2321,6717,MEMB
1222,3273,2330,5603,BEMB
1223,3384,1667,5051,BEBB
1224,4330,2398,6728,MEMB
1225,3467,2346,5813,BEMB
1226,3261,1644,4905,BEBB
1227,4360,2312,6672,MEMB
1228,3363,2339,5702,BEMB
1229,4316,2213,6529,MEMB
1230,3368,1486,4854,BEBB
1231,4483,1479,5962,MEBB
1232,4497,1641,6138,MEBB
1233,3310,1614,4924,BEBB
1234,3389,2313,5702,BEMB
1235,3289,2230,5519,BEMB
1236,3256,2280,5536,BEMB
1237,4501,2176,6677,MEMB
1238,4406,2248,6654,MEMB
1239,3415,2336,5751,BEMB
1240,3407,1454,4861,BEBB
1241,4288,2237,6525,MEMB
1242,3461,1668,5129,BEBB
1243,4333,2232,6565,MEMB
1244,4272,1466,5738,MEBB
1245,3297,2214,5511,BEMB
1246,3318,2343,5661,BEMB
1247,3347,1658,5005,BEBB
1248,3270,1601,4871,BEBB
1249,3345,1590,4935,BEBB
1250,3245,1524,4769,BEBB
1251,4409,1593,6002,MEBB
1252,4290,2393,6683,MEMB
1253,4284,1599,5883,MEBB
1254,3393,1490,4883,BEBB
1255,3270,2251,5521,BEMB
1256,4444,1456,5900,MEBB
1257,4438,2266,6704,MEMB
1258,4424,2305,6729,MEMB
1259,3422,2308,5730,BEMB
1260,4295,1491,5786,MEBB
1261,3374,2295,5669,BEMB
1262,4331,1482,5813,MEBB
1263,4376,1475,5851,MEBB
1264,3410,1540,4950,BEBB
1265,4319,1502,5821,MEBB
1266,3429,2211,5640,BEMB
1267,3431,1541,4972,BEBB
1268,4406,2273,6679,MEMB
1269,3263,2228,5491,BEMB
1270,4291,1678,5969,MEBB
1271,3469,1642,5111,BEBB
1272,3467,1592,5059,BEBB
1273,3415,2220,5635,BEMB
1274,4316,1481,5797,MEBB
1275,3277,2264,5541,BEMB
1276,3431,1579,5010,BEBB
1277,3245,2272,5517,BEMB
1278,3279,1618,4897,BEBB
1279,3396,1534,4930,BEBB
1280,4380,2240,6620,MEMB
1281,3363,2256,5619,BEMB
1282,3307,2192,5499,BEMB
1283,4357,2372,6729,MEMB
1284,4413,2269,6682,MEMB
1285,4297,2239,6536,MEMB
1286,4385,1474,5859,MEBB
1287,4426,1585,6011,MEBB
1288,4340,1662,6002,MEBB
1289,3464,1606,5070,BEBB
1290,4410,2278,6688,MEMB
1291,3309,1510,4819,BEBB
1292,4299,1665,5964,MEBB
1293,4276,2318,6594,MEMB
1294,4442,1462,5904,MEBB
1295,3288,1461,4749,BEBB
1296,3411,2166,5577,BEMB
1297,3373,1516,4889,BEBB
1298,4354,2219,6573,MEMB
1299,3328,1671,4999,BEBB
1300,4427,1443,5870,MEBB
1301,4465,2214,6679,MEMB
1302,3288,2316,5604,BEMB
1303,3431,1463,4894,BEBB
1304,3391,1651,5042,BEBB
1305,3386,1468,4854,BEBB
1306,3337,2249,5586,BEMB
1307,4339,1507,5846,MEBB
1308,3303,1594,4897,BEBB
1309,3408,1650,5058,BEBB
1310,4403,1537,5940,MEBB
1311,3443,1500,4943,BEBB
1312,3339,2300,5639,BEMB
1313,4306,2331,6637,MEMB
1314,3463,1643,5106,BEBB
1315,4355,1491,5846,MEBB
1316,3271,1512,4783,BEBB
1317,4346,1661,6007,MEBB
1318,4401,2239,6640,MEMB
1319,3380,1482,4862,BEBB
1320,3323,2315,5638,BEMB
1321,3397,1535,4932,BEBB
1322,3340,2334,5674,BEMB
1323,3387,1515,4902,BEBB
1324,4372,1577,5949,MEBB
1325,3430,2189,5619,BEMB
1326,3464,2214,5678,BEMB
1327,4397,2344,6741,MEMB
1328,4325,1531,5856,MEBB
1329,3240,2189,5429,BEMB
1330,3259,1540,4799,BEBB
1331,4503,2333,6836,MEMB
1332,4405,1657,6062,MEBB
1333,4419,1507,5926,MEBB
1334,3345,2228,5573,BEMB
1335,3321,1489,4810,BEBB
1336,3344,2324,5668,BEMB
1337,3346,2330,5676,BEMB
1338,4403,1455,5858,MEBB
1339,4376,2268,6644,MEMB
1340,4468,2253,6721,MEMB
1341,4283,2162,6445,MEMB
1342,3357,1526,4883,BEBB
1343,4487,1671,6158,MEBB
1344,4364,1469,5833,MEBB
1345,3445,1470,4915,BEBB
1346,3455,1610,5065,BEBB
1347,4427,2358,6785,MEMB
1348,3412,2236,5648,BEMB
1349,4450,2367,6817,MEMB
1350,3314,2337,5651,BEMB
1351,4351,1604,5955,MEBB
1352,4507,2284,6791,MEMB
1353,3412,1452,4864,BEBB
1354,3387,1622,5009,BEBB
1355,4282,2310,6592,MEMB
1356,4348,2196,6544,MEMB
1357,3401,2349,5750,BEMB
1358,4455,2262,6717,MEMB
1359,4446,2232,6678,MEMB
1360,3293,1619,4912,BEBB
1361,3302,1481,4783,BEBB
1362,4442,1661,6103,MEBB
1363,4403,2390,6793,MEMB
1364,3436,2206,5642,BEMB
1365,4486,1533,6019,MEBB
1366,4343,2383,6726,MEMB
1367,4337,2257,6594,MEMB
1368,4507,1641,6148,MEBB
1369,4462,2193,6655,MEMB
1370,4505,2210,6715,MEMB
1371,3305,1611,4916,BEBB
1372,4348,2237,6585,MEMB
1373,3394,2246,5640,BEMB
1374,3433,2163,5596,BEMB
1375,4332,2175,6507,MEMB
1376,3432,1536,4968,BEBB
1377,3401,2383,5784,BEMB
1378,3446,1597,5043,BEBB
1379,3457,2242,5699,BEMB
1380,3470,1609,5079,BEBB
1381,3440,1664,5104,BEBB
1382,4417,1622,6039,MEBB
1383,4436,2301,6737,MEMB
1384,3324,1647,4971,BEBB
1385,3385,2271,5656,BEMB
1386,4301,1557,5858,MEBB
1387,4313,2287,6600,MEMB
1388,3431,2187,5618,BEMB
1389,3319,2209,5528,BEMB
1390,3376,1619,4995,BEBB
1391,4284,1645,5929,MEBB
1392,4392,1604,5996,MEBB
1393,4307,2326,6633,MEMB
1394,3248,1442,4690,BEBB
1395,3340,1613,4953,BEBB
1396,3299,2264,5563,BEMB
1397,4478,2195,6673,MEMB
1398,4453,1572,6025,MEBB
1399,4315,1604,5919,MEBB
1400,4472,2298,6770,MEMB
1401,3347,1505,4852,BEBB
1402,3468,2189,5657,BEMB
1403,3412,1553,4965,BEBB
1404,4410,2260,6670,MEMB
1405,3287,1636,4923,BEBB
1406,3240,1629,4869,BEBB
1407,4369,1575,5944,MEBB
1408,4297,2223,6520,MEMB
1409,3389,1564,4953,BEBB
1410,4408,1584,5992,MEBB
1411,3402,1504,4906,BEBB
1412,3325,2391,5716,BEMB
1413,4471,2261,6732,MEMB
1414,3471,2386,5857,BEMB
1415,4442,2207,6649,MEMB
1416,4306,2257,6563,MEMB
1417,4435,2213,6648,MEMB
1418,3444,1562,5006,BEBB
1419,3280,2332,5612,BEMB
1420,4446,1538,5984,MEBB
1421,4317,2167,6484,MEMB
1422,3248,2269,5517,BEMB
1423,4315,2358,6673,MEMB
1424,4312,2257,6569,MEMB
1425,4285,2174,6459,MEMB
1426,3322,2161,5483,BEMB
1427,3424,2209,5633,BEMB
1428,3412,1555,4967,BEBB
1429,3361,2191,5552,BEMB
1430,3251,1557,4808,BEBB
1431,3470,2388,5858,BEMB
1432,4368,1528,5896,MEBB
1433,3426,1459,4885,BEBB
1434,3400,1502,4902,BEBB
1435,3469,1657,5126,BEBB
1436,3277,2238,5515,BEMB
1437,4501,1565,6066,MEBB
1438,4387,2160,6547,MEMB
1439,4311,1592,5903,MEBB
1440,4301,1483,5784,MEBB
1441,3275,1593,4868,BEBB
1442,3279,2367,5646,BEMB
1443,3399,2322,5721,BEMB
1444,4438,2338,6776,MEMB
1445,3475,2221,5696,BEMB
1446,3433,2368,5801,BEMB
1447,3289,1645,4934,BEBB
1448,4383,1462,5845,MEBB
1449,3279,1536,4815,BEBB
1450,3313,1604,4917,BEBB
1451,3334,1611,4945,BEBB
1452,4291,2286,6577,MEMB
1453,3381,1482,4863,BEBB
1454,3302,2211,5513,BEMB
1455,3401,2180,5581,BEMB
1456,4409,1636,6045,MEBB
1457,3250,1669,4919,BEBB
1458,4436,1642,6078,MEBB
1459,4381,2207,6588,MEMB
1460,3281,1630,4911,BEBB
1461,3422,2325,5747,BEMB
1462,4383,1508,5891,MEBB
1463,3315,2248,5563,BEMB
1464,4503,1473,5976,MEBB
1465,4362,1646,6008,MEBB
1466,4307,1581,5888,MEBB
1467,4369,2263,6632,MEMB
1468,3312,2175,5487,BEMB
1469,4402,1489,5891,MEBB
1470,4302,2378,6680,MEMB
1471,3408,2302,5710,BEMB
1472,4340,1444,5784,MEBB
1473,3478,2365,5843,BEMB
1474,4455,1511,5966,MEBB
1475,3344,1643,4987,BEBB
1476,4485,1584,6069,MEBB
1477,3461,2171,5632,BEMB
1478,3330,2258,5588,BEMB
1479,3460,2224,5684,BEMB
1480,4327,2183,6510,MEMB
1481,3459,1568,5027,BEBB
1482,4443,2326,6769,MEMB
1483,3433,1507,4940,BEBB
1484,4452,2176,6628,MEMB
1485,3406,2346,5752,BEMB
1486,4362,1578,5940,MEBB
1487,3336,1585,4921,BEBB
1488,3285,2167,5452,BEMB
1489,3302,1465,4767,BEBB
1490,4288,2301,6589,MEMB
1491,3434,2322,5756,BEMB
1492,3457,2297,5754,BEMB
1493,3358,2290,5648,BEMB
1494,4356,1491,5847,MEBB
1495,3387,1655,5042,BEBB
1496,4293,1509,5802,MEBB
1497,4335,1481,5816,MEBB
1498,3267,2319,5586,BEMB
1499,4341,1643,5984,MEBB
1500,3459,1495,4954,BEBB
1501,4428,1482,5910,MEBB
1502,4430,1539,5969,MEBB
1503,4292,2162,6454,MEMB
1504,4373,1538,5911,MEBB
1505,4314,2359,6673,MEMB
1506,3354,2299,5653,BEMB
1507,4397,1470,5867,MEBB
1508,3279,2378,5657,BEMB
1509,4382,1458,5840,MEBB
1510,4427,2380,6807,MEMB
1511,3260,1485,4745,BEBB
1512,3458,1515,4973,BEBB
1513,3279,2368,5647,BEMB
1514,4292,1512,5804,MEBB
1515,4436,1442,5878,MEBB
1516,4460,2342,6802,MEMB
1517,4411,2314,6725,MEMB
1518,4428,2284,6712,MEMB
1519,4452,2355,6807,MEMB
1520,4497,1651,6148,MEBB
1521,4494,2172,6666,MEMB
1522,4370,1473,5843,MEBB
1523,4403,1486,5889,MEBB
1524,4367,2350,6717,MEMB
1525,4277,2383,6660,MEMB
1526,4358,1638,5996,MEBB
1527,4361,1634,5995,MEBB
1528,4308,2219,6527,MEMB
1529,3479,1561,5040,BEBB
1530,3427,1496,4923,BEBB
1531,3278,1468,4746,BEBB
1532,4489,1466,5955,MEBB
1533,4290,1512,5802,MEBB
1534,3411,2162,5573,BEMB
1535,3448,2221,5669,BEMB
1536,3451,1560,5011,BEBB
1537,4336,1610,5946,MEBB
1538,4411,2312,6723,MEMB
1539,4460,2170,6630,MEMB
1540,3395,1579,4974,BEBB
1541,3392,2396,5788,BEMB
1542,4337,1607,5944,MEBB
1543,3374,2215,5589,BEMB
1544,3267,1523,4790,BEBB
1545,4426,2204,6630,MEMB
1546,4364,2160,6524,MEMB
1547,4400,1506,5906,MEBB
1548,3479,1540,5019,BEBB
1549,4401,1582,5983,MEBB
1550,4473,2323,6796,MEMB
1551,3335,1537,4872,BEBB
1552,3408,1469,4877,BEBB
1553,4350,1552,5902,MEBB
1554,4356,2253,6609,MEMB
1555,3288,2337,5625,BEMB
1556,3370,2315,5685,BEMB
1557,4278,1542,5820,MEBB
1558,3462,1443,4905,BEBB
1559,4496,1582,6078,MEBB
1560,4409,2225,6634,MEMB
1561,4309,2254,6563,MEMB
1562,3311,2280,5591,BEMB
1563,3270,1633,4903,BEBB
1564,3280,2270,5550,BEMB
1565,3264,2213,5477,BEMB
1566,3348,1577,4925,BEBB
1567,3429,1444,4873,BEBB
1568,4379,2276,6655,MEMB
1569,3363,1498,4861,BEBB
1570,4416,2269,6685,MEMB
1571,3413,1591,5004,BEBB
1572,3324,2285,5609,BEMB
1573,4475,1473,5948,MEBB
1574,4307,1660,5967,MEBB
1575,3242,1527,4769,BEBB
1576,3359,2340,5699,BEMB
1577,3453,2310,5763,BEMB
1578,3300,1534,4834,BEBB
1579,4389,2186,6575,MEMB
1580,3352,1449,4801,BEBB
1581,4503,1531,6034,MEBB
1582,4309,2356,6665,MEMB
1583,3298,1664,4962,BEBB
1584,4441,1569,6010,MEBB
1585,4338,1649,5987,MEBB
1586,3331,1546,4877,BEBB
1587,4408,2179,6587,MEMB
1588,3358,1455,4813,BEBB
1589,3328,1601,4929,BEBB
1590,4280,1583,5863,MEBB
1591,3385,2335,5720,BEMB
1592,3432,2352,5784,BEMB
1593,3366,2241,5607,BEMB
1594,3342,2247,5589,BEMB
1595,3323,1581,4904,BEBB
1596,4499,2390,6889,MEMB
1597,3316,1519,4835,BEBB
1598,4352,1649,6001,MEBB
1599,3422,1645,5067,BEBB
1600,3268,2340,5608,BEMB
1601,3417,1553,4970,BEBB
1602,4445,2369,6814,MEMB
1603,4438,1462,5900,MEBB
1604,3347,2377,5724,BEMB
1605,3462,2288,5750,BEMB
1606,4463,1619,6082,MEBB
1607,3249,1535,4784,BEBB
1608,4415,1556,5971,MEBB
1609,3326,2207,5533,BEMB
1610,3295,2233,5528,BEMB
1611,4467,1495,5962,MEBB
1612,4410,2165,6575,MEMB
1613,3356,1631,4987,BEBB
1614,3383,2180,5563,BEMB
1615,3460,2300,5760,BEMB
1616,3299,2197,5496,BEMB
1617,4287,1529,5816,MEBB
1618,4458,1562,6020,MEBB
1619,4284,2238,6522,MEMB
1620,4268,2279,6547,MEMB
1621,3446,2340,5786,BEMB
1622,4500,2355,6855,MEMB
1623,4469,2333,6802,MEMB
1624,4449,1645,6094,MEBB
1625,4441,1557,5998,MEBB
1626,3374,2263,5637,BEMB
1627,4402,1523,5925,MEBB
1628,3273,1648,4921,BEBB
1629,4444,2165,6609,MEMB
1630,3403,2166,5569,BEMB
1631,3317,2376,5693,BEMB
1632,3294,1613,4907,BEBB
1633,4364,1598,5962,MEBB
1634,4349,2284,6633,MEMB
1635,3272,2316,5588,BEMB
1636,4361,1663,6024,MEBB
1637,3399,2221,5620,BEMB
1638,3365,2306,5671,BEMB
1639,4356,2268,6624,MEMB
1640,4391,2345,6736,MEMB
1641,3377,2311,5688,BEMB
1642,3334,1651,4985,BEBB
1643,4388,1614,6002,MEBB
1644,3265,2233,5498,BEMB
1645,4399,1655,6054,MEBB
1646,3316,1670,4986,BEBB
1647,4302,1597,5899,MEBB
1648,4445,1504,5949,MEBB
1649,4271,1500,5771,MEBB
1650,3453,2299,5752,BEMB
1651,4423,2291,6714,MEMB
1652,4487,1669,6156,MEBB
1653,4433,2290,6723,MEMB
1654,3383,1448,4831,BEBB
1655,4453,2231,6684,MEMB
1656,4472,2341,6813,MEMB
1657,3296,2395,5691,BEMB
1658,4494,2222,6716,MEMB
1659,3399,1513,4912,BEBB
1660,4392,2339,6731,MEMB
1661,3478,1529,5007,BEBB
1662,4446,1620,6066,MEBB
1663,4454,2228,6682,MEMB
1664,4367,1450,5817,MEBB
1665,3346,1497,4843,BEBB
1666,3298,1633,4931,BEBB
1667,3419,1454,4873,BEBB
1668,4456,1587,6043,MEBB
1669,3294,1510,4804,BEBB
1670,4287,1565,5852,MEBB
1671,3309,1623,4932,BEBB
1672,4434,1464,5898,MEBB
1673,3361,1543,4904,BEBB
1674,3422,1530,4952,BEBB
1675,3321,2261,5582,BEMB
1676,4377,2359,6736,MEMB
1677,3297,2235,5532,BEMB
1678,3295,2254,5549,BEMB
1679,3392,1465,4857,BEBB
1680,4308,2195,6503,MEMB
1681,4472,1579,6051,MEBB
1682,3476,2259,5735,BEMB
1683,3270,2288,5558,BEMB
1684,3287,1587,4874,BEBB
1685,4401,2397,6798,MEMB
1686,4418,2296,6714,MEMB
1687,3415,1643,5058,BEBB
1688,3426,1514,4940,BEBB
1689,3250,1524,4774,BEBB
1690,4497,1590,6087,MEBB
1691,3281,2229,5510,BEMB
1692,4354,1528,5882,MEBB
1693,4444,1550,5994,MEBB
1694,3403,2283,5686,BEMB
1695,4407,1519,5926,MEBB
1696,3398,1514,4912,BEBB
1697,3324,1663,4987,BEBB
1698,4449,2206,6655,MEMB
1699,3446,2365,5811,BEMB
1700,3400,2353,5753,BEMB
1701,3396,2209,5605,BEMB
1702,3291,1636,4927,BEBB
1703,4287,2376,6663,MEMB
1704,3439,2224,5663,BEMB
1705,4317,1622,5939,MEBB
1706,3391,2254,5645,BEMB
1707,3438,2289,5727,BEMB
1708,4352,1634,5986,MEBB
1709,3333,2239,5572,BEMB
1710,4323,2161,6484,MEMB
1711,3377,1558,4935,BEBB
1712,4276,2282,6558,MEMB
1713,4311,1445,5756,MEBB
1714,3366,2187,5553,BEMB
1715,4480,1453,5933,MEBB
1716,4463,2293,6756,MEMB
1717,3448,2356,5804,BEMB
1718,4345,1649,5994,MEBB
1719,4440,2325,6765,MEMB
1720,4311,1612,5923,MEBB
1721,3292,2171,5463,BEMB
1722,4490,2243,6733,MEMB
1723,4379,1510,5889,MEBB
1724,3443,1645,5088,BEBB
1725,4295,1557,5852,MEBB
1726,4431,2313,6744,MEMB
1727,4373,2313,6686,MEMB
1728,3384,1542,4926,BEBB
1729,3305,2200,5505,BEMB
1730,4400,2178,6578,MEMB
1731,4361,1529,5890,MEBB
1732,3309,2265,5574,BEMB
1733,3264,1662,4926,BEBB
1734,4335,1510,5845,MEBB
1735,4287,1565,5852,MEBB
1736,4461,1599,6060,MEBB
1737,3373,2359,5732,BEMB
1738,4349,1569,5918,MEBB
1739,3390,2314,5704,BEMB
1740,4348,2342,6690,MEMB
1741,4395,2304,6699,MEMB
1742,3388,1462,4850,BEBB
1743,3379,2209,5588,BEMB
1744,4467,2265,6732,MEMB
1745,4407,2238,6645,MEMB
1746,3295,2241,5536,BEMB
1747,3325,1568,4893,BEBB
1748,4375,1493,5868,MEBB
1749,3260,1487,4747,BEBB
1750,3334,1493,4827,BEBB
1751,4504,2360,6864,MEMB
1752,4376,1459,5835,MEBB
1753,3344,2283,5627,BEMB
1754,3271,2371,5642,BEMB
1755,3312,2317,5629,BEMB
1756,4318,1543,5861,MEBB
1757,3361,1475,4836,BEBB
1758,4424,1604,6028,MEBB
1759,4284,2202,6486,MEMB
1760,4329,2211,6540,MEMB
1761,4398,2300,6698,MEMB
1762,4475,1504,5979,MEBB
1763,4341,2288,6629,MEMB
1764,3414,1450,4864,BEBB
1765,3388,2281,5669,BEMB
1766,3317,1600,4917,BEBB
1767,4286,2330,6616,MEMB
1768,4423,2211,6634,MEMB
1769,3476,1597,5073,BEBB
1770,4334,2273,6607,MEMB
1771,3364,2363,5727,BEMB
1772,3257,1601,4858,BEBB
1773,3296,1655,4951,BEBB
1774,3412,1454,4866,BEBB
1775,3388,2160,5548,BEMB
1776,3469,1556,5025,BEBB
1777,4466,2355,6821,MEMB
1778,3254,1578,4832,BEBB
1779,4461,2357,6818,MEMB
1780,3282,1450,4732,BEBB
1781,4329,2186,6515,MEMB
1782,4306,1605,5911,MEBB
1783,4445,1654,6099,MEBB
1784,4314,2181,6495,MEMB
1785,3283,1586,4869,BEBB
1786,4329,2359,6688,MEMB
1787,4294,2196,6490,MEMB
1788,4493,1631,6124,MEBB
1789,3472,2353,5825,BEMB
1790,4481,2288,6769,MEMB
1791,4343,2276,6619,MEMB
1792,4390,2364,6754,MEMB
1793,3247,2239,5486,BEMB
1794,4387,1578,5965,MEBB
1795,4478,2355,6833,MEMB
1796,4430,1518,5948,MEBB
1797,3384,1562,4946,BEBB
1798,3434,2279,5713,BEMB
1799,3266,1605,4871,BEBB
1800,3291,1556,4847,BEBB
1801,3337,1472,4809,BEBB
1802,4427,1566,5993,MEBB
1803,3381,2266,5647,BEMB
1804,4446,2363,6809,MEMB
1805,3339,2174,5513,BEMB
1806,3314,1529,4843,BEBB
1807,4360,2179,6539,MEMB
1808,3298,2190,5488,BEMB
1809,4274,1619,5893,MEBB
1810,3303,2194,5497,BEMB
1811,3300,2361,5661,BEMB
1812,4294,2311,6605,MEMB
1813,3331,1486,4817,BEBB
1814,3377,2376,5753,BEMB
1815,3436,1582,5018,BEBB
1816,3383,1588,4971,BEBB
1817,3396,2348,5744,BEMB
1818,3283,1509,4792,BEBB
1819,3454,2220,5674,BEMB
1820,3366,2275,5641,BEMB
1821,3262,1501,4763,BEBB
1822,3369,2336,5705,BEMB
1823,4294,1486,5780,MEBB
1824,4288,2278,6566,MEMB
1825,4489,2372,6861,MEMB
1826,3388,2229,5617,BEMB
1827,3458,2319,5777,BEMB
1828,3376,2288,5664,BEMB
1829,3284,1558,4842,BEBB
1830,3446,1523,4969,BEBB
1831,3439,2199,5638,BEMB
1832,4369,1541,5910,MEBB
1833,4326,1498,5824,MEBB
1834,4386,2393,6779,MEMB
1835,4396,2370,6766,MEMB
1836,4385,1493,5878,MEBB
1837,3422,1487,4909,BEBB
1838,4475,1557,6032,MEBB
1839,3298,2294,5592,BEMB
1840,4321,1503,5824,MEBB
1841,4302,1460,5762,MEBB
1842,4322,2356,6678,MEMB
1843,3261,1541,4802,BEBB
1844,4339,1603,5942,MEBB
1845,4475,1649,6124,MEBB
1846,4415,1596,6011,MEBB
1847,4400,2194,6594,MEMB
1848,3452,1496,4948,BEBB
1849,3280,1543,4823,BEBB
1850,3367,1451,4818,BEBB
1851,4411,2276,6687,MEMB
1852,3286,1487,4773,BEBB
1853,3462,1551,5013,BEBB
1854,4449,2328,6777,MEMB
1855,4448,1475,5923,MEBB
1856,3262,1658,4920,BEBB
1857,3470,1606,5076,BEBB
1858,3403,2165,5568,BEMB
1859,4377,2228,6605,MEMB
1860,4301,2281,6582,MEMB
1861,4353,1536,5889,MEBB
1862,4489,1673,6162,MEBB
1863,3361,2251,5612,BEMB
1864,3372,2185,5557,BEMB
1865,3377,1663,5040,BEBB
1866,4484,2192,6676,MEMB
1867,3419,2257,5676,BEMB
1868,4312,2291,6603,MEMB
1869,4300,1476,5776,MEBB
1870,4507,1515,6022,MEBB
1871,3344,2287,5631,BEMB
1872,4448,2175,6623,MEMB
1873,4384,2270,6654,MEMB
1874,3246,1512,4758,BEBB
1875,4432,1664,6096,MEBB
1876,3443,1521,4964,BEBB
1877,3368,2396,5764,BEMB
1878,4282,1604,5886,MEBB
1879,4352,2382,6734,MEMB
1880,4378,2397,6775,MEMB
1881,4388,2216,6604,MEMB
1882,4417,2212,6629,MEMB
1883,4326,1675,6001,MEBB
1884,3410,1588,4998,BEBB
1885,3353,1526,4879,BEBB
1886,3409,2348,5757,BEMB
1887,3468,2169,5637,BEMB
1888,3414,1583,4997,BEBB
1889,3253,2251,5504,BEMB
1890,4325,1596,5921,MEBB
1891,4327,2370,6697,MEMB
1892,3356,1465,4821,BEBB
1893,4494,1444,5938,MEBB
1894,3301,2166,5467,BEMB
1895,3286,1465,4751,BEBB
1896,3274,1628,4902,BEBB
1897,4378,2266,6644,MEMB
1898,3426,1627,5053,BEBB
1899,3349,2179,5528,BEMB
1900,4404,1608,6012,MEBB
1901,3386,2222,5608,BEMB
1902,4312,2261,6573,MEMB
1903,4344,1501,5845,MEBB
1904,4446,2276,6722,MEMB
1905,4370,2276,6646,MEMB
1906,3375,2251,5626,BEMB
1907,3400,1511,4911,BEBB
1908,3373,1453,4826,BEBB
1909,4341,1478,5819,MEBB
1910,3472,2163,5635,BEMB
1911,3324,1596,4920,BEBB
1912,4355,1605,5960,MEBB
1913,4364,2396,6760,MEMB
1914,4417,2302,6719,MEMB
1915,4478,1579,6057,MEBB
1916,4346,1482,5828,MEBB
1917,3299,1587,4886,BEBB
1918,4270,1602,5872,MEBB
1919,3265,1675,4940,BEBB
1920,4501,2162,6663,MEMB
1921,3387,2323,5710,BEMB
1922,4374,2214,6588,MEMB
1923,4297,2185,6482,MEMB
1924,3266,1549,4815,BEBB
1925,4288,1541,5829,MEBB
1926,4331,1647,5978,MEBB
1927,3323,2347,5670,BEMB
1928,4343,1578,5921,MEBB
1929,4459,1486,5945,MEBB
1930,4401,1650,6051,MEBB
1931,4366,2192,6558,MEMB
1932,4456,2353,6809,MEMB
1933,4430,1581,6011,MEBB
1934,4304,2369,6673,MEMB
1935,4421,1638,6059,MEBB
1936,4507,1516,6023,MEBB
1937,4426,1444,5870,MEBB
1938,3284,2315,5599,BEMB
1939,4282,1629,5911,MEBB
1940,4354,2177,6531,MEMB
1941,3338,2177,5515,BEMB
1942,4326,2300,6626,MEMB
1943,3442,2341,5783,BEMB
1944,4269,1673,5942,MEBB
1945,4498,1571,6069,MEBB
1946,4400,1648,6048,MEBB
1947,3246,1490,4736,BEBB
1948,3396,2186,5582,BEMB
1949,4371,2399,6770,MEMB
1950,4498,2311,6809,MEMB
1951,4415,1534,5949,MEBB
1952,3269,2278,5547,BEMB
1953,4379,1536,5915,MEBB
1954,4291,1640,5931,MEBB
1955,3376,2370,5746,BEMB
1956,4395,1519,5914,MEBB
1957,3467,2322,5789,BEMB
1958,4430,1488,5918,MEBB
1959,3377,1498,4875,BEBB
1960,3283,2183,5466,BEMB
1961,4348,1560,5908,MEBB
1962,3358,1588,4946,BEBB
1963,3308,1477,4785,BEBB
1964,3379,1591,4970,BEBB
1965,4417,2368,6785,MEMB
1966,3405,1476,4881,BEBB
1967,3329,1518,4847,BEBB
1968,3417,1513,4930,BEBB
1969,3399,1519,4918,BEBB
1970,3372,1598,4970,BEBB
1971,4357,1498,5855,MEBB
1972,3390,1518,4908,BEBB
1973,4334,1443,5777,MEBB
1974,3418,1448,4866,BEBB
1975,3295,2375,5670,BEMB
1976,4420,2353,6773,MEMB
1977,3417,2175,5592,BEMB
1978,3262,2261,5523,BEMB
1979,3431,2195,5626,BEMB
1980,4329,1549,5878,MEBB
1981,3270,2162,5432,BEMB
1982,4277,1596,5873,MEBB
1983,3332,2225,5557,BEMB
1984,3366,2355,5721,BEMB
1985,3251,2298,5549,BEMB
1986,4311,1573,5884,MEBB
1987,4481,1473,5954,MEBB
1988,4335,1576,5911,MEBB
1989,4407,1473,5880,MEBB
1990,4305,2251,6556,MEMB
1991,3422,2377,5799,BEMB
1992,3408,2202,5610,BEMB
1993,4392,1467,5859,MEBB
1994,4481,2309,6790,MEMB
1995,4341,2276,6617,MEMB
1996,3373,2202,5575,BEMB
1997,4351,2170,6521,MEMB
1998,4338,1496,5834,MEBB
1999,3274,2179,5453,BEMB
